QCluster Medium WorkloadNum Students Min Nodes
-------------------------
1            1
51           4
101          4
151          8
201          13
251          17
301          20
351          21
401          21
451          22
501          33
551          32
601          33
651          39
701          34
751          42
801          48
851          44
901          59
951          53
1001         57
1051         56
1101         73
1151         72
1201         79
1251         70
1301         74
1351         80
1401         76
1451         84
1501         92
1551         101
1601         89
1651         107
1701         103
1751         101
1801         105
1851         106
1901         119
1951         106
2001         126
2051         125
2101         126
2151         132
2201         130
2251         126
2301         129
2351         142
2401         145
2451         147
2501         147
2551         144
2601         166
2651         168
2701         163
2751         163
2801         179
2851         164
2901         178
2951         175
