QCluster High Workload
Num Students Min Nodes
-------------------------
1            2
51           5
101          5
151          7
201          13
251          18
301          20
351          21
401          27
451          22
501          28
551          32
601          35
651          37
701          42
751          43
801          49
851          51
901          51
951          47
1001         57
1051         59
1101         66
1151         72
1201         78
1251         76
1301         74
1351         83
1401         80
1451         79
1501         92
1551         96
1601         93
1651         98
1701         101
1751         102
1801         103
1851         102
1901         109
1951         104
2001         116
2051         123
2101         116
2151         129
2201         127
2251         127
2301         124
2351         131
2401         135
2451         138
2501         142
2551         145
2601         155
2651         160
2701         154
2751         157
2801         168
2851         167
2901         167
2951         165
