Strawhat Cluster
Num Students Min Nodes
-------------------------
1            2
11           2
21           3
31           3
41           3
51           5
61           5
71           4
81           4
91           6
101          5
111          7
121          8
131          8
141          11
151          7
161          10
171          10
181          12
191          14
201          13
211          19
221          14
231          16
241          14
251          18
261          21
271          15
281          13
291          19
301          20
311          20
321          22
331          20
341          17
351          21
361          23
371          28
381          23
391          24
401          27
411          26
421          26
431          21
441          20
451          22
461          21
471          24
481          26
491          27
501          28
511          27
521          25
531          29
541          25
551          32
561          28
571          32
581          30
591          33
601          35
611          36
621          39
631          29
641          36
651          37
661          40
671          35
681          39
691          41
701          42
711          39
721          37
731          41
741          39
751          43
761          41
771          45
781          45
791          44
801          49
811          49
821          45
831          51
841          50
851          51
861          47
871          51
881          52
891          50
901          51
911          51
921          46
931          60
941          50
951          47
961          51
971          53
981          58
991          57
1001         57
1011         59
1021         59
1031         56
1041         56
1051         59
1061         56
1071         67
1081         60
1091         66
1101         66
1111         70
1121         63
1131         65
1141         73
1151         72
1161         63
1171         66
1181         78
1191         77
1201         78
1211         74
1221         74
1231         78
1241         75
1251         76
1261         73
1271         76
1281         71
1291         71
1301         74
1311         73
1321         75
1331         85
1341         82
1351         83
1361         80
1371         77
1381         82
1391         81
1401         80
1411         89
1421         89
1431         85
1441         88
1451         79
1461         78
1471         83
1481         81
1491         93
1501         92
1511         93
1521         89
1531         93
1541         92
1551         96
1561         88
1571         95
1581         88
1591         91
1601         93
1611         91
1621         96
1631         94
1641         95
1651         98
1661         97
1671         95
1681         99
1691         99
1701         101
1711         99
1721         103
1731         100
1741         100
1751         102
1761         105
1771         109
1781         107
1791         111
1801         103
1811         104
1821         108
1831         100
1841         107
1851         102
1861         101
1871         103
1881         108
1891         106
1901         109
1911         111
1921         112
1931         113
1941         110
1951         104
1961         109
1971         108
1981         108
1991         113
2001         116
2011         123
2021         124
2031         122
2041         124
2051         123
2061         118
2071         116
2081         120
2091         125
2101         116
2111         120
2121         124
2131         128
2141         131
2151         129
2161         125
2171         127
2181         130
2191         125
2201         127
2211         129
2221         131
2231         131
2241         133
2251         127
2261         129
2271         130
2281         130
2291         124
2301         124
2311         118
2321         121
2331         124
2341         129
2351         131
2361         138
2371         138
2381         140
2391         134
2401         135
2411         136
2421         137
2431         130
2441         138
2451         138
2461         144
2471         138
2481         140
2491         139
2501         142
2511         141
2521         141
2531         141
2541         142
2551         145
2561         150
2571         146
2581         148
2591         150
2601         155
2611         154
2621         153
2631         158
2641         158
2651         160
2661         162
2671         163
2681         157
2691         153
2701         154
2711         150
2721         152
2731         152
2741         154
2751         157
2761         163
2771         159
2781         162
2791         166
2801         168
2811         163
2821         166
2831         167
2841         162
2851         167
2861         166
2871         173
2881         170
2891         167
2901         167
2911         173
2921         171
2931         172
2941         176
2951         165
2961         175
2971         174
2981         171
2991         163
